. Sequence file : [phyAlign.phy]

. Model of nucleotides substitution : HKY85

. Initial tree : [BioNJ]


. Data	Nb of 	Likelihood	Discrete   	Number of 	Gamma shape	Proportion of	Transition/ 	Nucleotides frequencies               	
  set	taxa	loglk     	gamma model	categories	parameter  	invariant    	transversion	f(A)      f(C)      f(G)      f(T)    	

  #1	7   	-24641.04440	Yes        	4        	0.428    	0.000    	3.583     	 0.24687   0.26189   0.24789   0.24335	

  #2	7   	-24510.17195	Yes        	4        	0.415    	0.000    	3.515     	 0.26400   0.25080   0.24128   0.24392	

  #3	7   	-24654.69896	Yes        	4        	0.462    	0.000    	3.166     	 0.27439   0.24566   0.24696   0.23299	

  #4	7   	-24266.82350	Yes        	4        	0.465    	0.000    	3.066     	 0.26221   0.25260   0.24047   0.24473	

  #5	7   	-24379.53251	Yes        	4        	0.471    	0.000    	3.250     	 0.25119   0.25079   0.24311   0.25491	

  #6	7   	-24894.06665	Yes        	4        	0.419    	0.000    	3.490     	 0.26547   0.24949   0.24115   0.24389	

  #7	7   	-24350.91735	Yes        	4        	0.502    	0.000    	3.203     	 0.26082   0.25494   0.24347   0.24077	

  #8	7   	-24629.00684	Yes        	4        	0.441    	0.000    	3.334     	 0.26218   0.25377   0.23484   0.24921	

  #9	7   	-24775.84438	Yes        	4        	0.412    	0.000    	3.303     	 0.26381   0.25189   0.25074   0.23356	

  #10	7   	-24223.06360	Yes        	4        	0.456    	0.000    	3.233     	 0.27212   0.24100   0.25250   0.23438	

  #11	7   	-24374.98077	Yes        	4        	0.474    	0.000    	3.133     	 0.27239   0.24849   0.24411   0.23500	

  #12	7   	-24271.15586	Yes        	4        	0.463    	0.000    	3.253     	 0.25204   0.25614   0.24691   0.24491	

  #13	7   	-23960.60794	Yes        	4        	0.398    	0.000    	3.950     	 0.26373   0.25429   0.23739   0.24459	

  #14	7   	-24668.76859	Yes        	4        	0.449    	0.000    	3.267     	 0.25908   0.25803   0.24825   0.23464	

  #15	7   	-24479.34176	Yes        	4        	0.456    	0.000    	3.263     	 0.25217   0.25892   0.24709   0.24182	

  #16	7   	-24295.68812	Yes        	4        	0.442    	0.000    	3.321     	 0.25368   0.25163   0.24639   0.24830	

  #17	7   	-24551.41451	Yes        	4        	0.489    	0.000    	3.240     	 0.25632   0.25090   0.24884   0.24394	

  #18	7   	-24597.36483	Yes        	4        	0.475    	0.000    	3.450     	 0.26243   0.24979   0.24788   0.23989	

  #19	7   	-24695.71674	Yes        	4        	0.461    	0.000    	3.605     	 0.26958   0.24221   0.24137   0.24683	

  #20	7   	-24635.26816	Yes        	4        	0.454    	0.000    	3.184     	 0.27058   0.25326   0.23608   0.24009	

  #21	7   	-24478.50373	Yes        	4        	0.455    	0.000    	3.286     	 0.26161   0.25139   0.24699   0.24001	

  #22	7   	-24586.80484	Yes        	4        	0.490    	0.000    	3.144     	 0.25438   0.25346   0.24788   0.24427	

  #23	7   	-24758.28505	Yes        	4        	0.489    	0.000    	3.152     	 0.25949   0.25682   0.24693   0.23676	

  #24	7   	-24733.38441	Yes        	4        	0.482    	0.000    	3.064     	 0.26555   0.24635   0.24707   0.24102	

  #25	7   	-24393.87862	Yes        	4        	0.461    	0.000    	3.126     	 0.26216   0.25746   0.24019   0.24019	

  #26	7   	-24557.29167	Yes        	4        	0.408    	0.000    	3.785     	 0.26134   0.24688   0.25072   0.24107	

  #27	7   	-24739.49670	Yes        	4        	0.461    	0.000    	3.199     	 0.27384   0.24999   0.23906   0.23711	

  #28	7   	-24679.71596	Yes        	4        	0.465    	0.000    	3.391     	 0.27093   0.25335   0.24232   0.23340	

  #29	7   	-24504.32862	Yes        	4        	0.428    	0.000    	3.558     	 0.26219   0.24974   0.24330   0.24477	

  #30	7   	-24323.47222	Yes        	4        	0.462    	0.000    	3.011     	 0.26820   0.25362   0.24950   0.22868	

  #31	7   	-24484.56425	Yes        	4        	0.431    	0.000    	3.231     	 0.26313   0.24856   0.24488   0.24343	

  #32	7   	-24294.84444	Yes        	4        	0.451    	0.000    	3.460     	 0.25805   0.25689   0.24091   0.24414	

  #33	7   	-24532.49416	Yes        	4        	0.462    	0.000    	3.520     	 0.25865   0.25799   0.24609   0.23726	

  #34	7   	-24594.63124	Yes        	4        	0.438    	0.000    	3.316     	 0.26328   0.25348   0.23826   0.24498	

  #35	7   	-24669.74949	Yes        	4        	0.443    	0.000    	3.622     	 0.25050   0.25783   0.24427   0.24740	

  #36	7   	-24087.10205	Yes        	4        	0.439    	0.000    	3.512     	 0.25673   0.25816   0.24447   0.24063	

  #37	7   	-24408.43982	Yes        	4        	0.456    	0.000    	3.474     	 0.25899   0.24624   0.24435   0.25042	

  #38	7   	-24369.78473	Yes        	4        	0.453    	0.000    	3.441     	 0.26923   0.24893   0.24756   0.23427	

  #39	7   	-24540.59915	Yes        	4        	0.473    	0.000    	3.316     	 0.25916   0.25709   0.25132   0.23243	

  #40	7   	-24777.82779	Yes        	4        	0.449    	0.000    	3.249     	 0.25628   0.25097   0.24287   0.24988	

  #41	7   	-24464.75691	Yes        	4        	0.460    	0.000    	3.567     	 0.26006   0.25531   0.24314   0.24149	

  #42	7   	-24536.43700	Yes        	4        	0.470    	0.000    	3.422     	 0.25543   0.25113   0.24065   0.25279	

  #43	7   	-24323.05617	Yes        	4        	0.416    	0.000    	3.159     	 0.26100   0.25500   0.24431   0.23969	

  #44	7   	-24676.27394	Yes        	4        	0.483    	0.000    	3.214     	 0.25775   0.25209   0.24535   0.24481	

  #45	7   	-24522.12929	Yes        	4        	0.473    	0.000    	3.324     	 0.25794   0.26016   0.24442   0.23748	

  #46	7   	-24577.58627	Yes        	4        	0.443    	0.000    	3.255     	 0.26016   0.25630   0.24525   0.23829	

  #47	7   	-24384.41944	Yes        	4        	0.427    	0.000    	3.402     	 0.25811   0.25918   0.24092   0.24179	

  #48	7   	-24579.89514	Yes        	4        	0.427    	0.000    	3.628     	 0.27314   0.25121   0.24432   0.23133	

  #49	7   	-24636.87965	Yes        	4        	0.473    	0.000    	3.067     	 0.26019   0.24635   0.25266   0.24080	

  #50	7   	-24395.47622	Yes        	4        	0.505    	0.000    	3.248     	 0.25878   0.24532   0.26258   0.23331	

  #51	7   	-24639.51336	Yes        	4        	0.518    	0.000    	3.392     	 0.26402   0.25687   0.24051   0.23861	

  #52	7   	-24661.10621	Yes        	4        	0.448    	0.000    	3.721     	 0.26083   0.25007   0.24410   0.24500	

  #53	7   	-24250.50317	Yes        	4        	0.450    	0.000    	3.322     	 0.25302   0.25685   0.24431   0.24583	

  #54	7   	-24610.64751	Yes        	4        	0.446    	0.000    	3.463     	 0.26224   0.25614   0.24451   0.23712	

  #55	7   	-24806.34312	Yes        	4        	0.500    	0.000    	3.280     	 0.26929   0.24958   0.24732   0.23381	

  #56	7   	-25322.03119	Yes        	4        	0.441    	0.000    	3.854     	 0.25550   0.25557   0.24028   0.24865	

  #57	7   	-24831.30185	Yes        	4        	0.429    	0.000    	3.582     	 0.26223   0.25090   0.24511   0.24176	

  #58	7   	-24746.18050	Yes        	4        	0.446    	0.000    	3.651     	 0.25617   0.25339   0.25162   0.23882	

  #59	7   	-24555.15936	Yes        	4        	0.443    	0.000    	3.212     	 0.26554   0.25002   0.24763   0.23682	

  #60	7   	-24060.01221	Yes        	4        	0.460    	0.000    	3.303     	 0.25906   0.25635   0.23791   0.24668	

  #61	7   	-24707.83405	Yes        	4        	0.412    	0.000    	3.344     	 0.26912   0.24727   0.24180   0.24180	

  #62	7   	-24548.51581	Yes        	4        	0.458    	0.000    	3.397     	 0.25212   0.25215   0.25967   0.23606	

  #63	7   	-24480.40564	Yes        	4        	0.434    	0.000    	3.351     	 0.26225   0.25036   0.24244   0.24495	

  #64	7   	-24630.62613	Yes        	4        	0.454    	0.000    	3.162     	 0.25629   0.25018   0.25183   0.24170	

  #65	7   	-24530.66644	Yes        	4        	0.453    	0.000    	3.438     	 0.26770   0.25247   0.24900   0.23084	

  #66	7   	-24568.61194	Yes        	4        	0.437    	0.000    	3.447     	 0.26134   0.25079   0.24811   0.23977	

  #67	7   	-24474.06842	Yes        	4        	0.454    	0.000    	3.242     	 0.27471   0.25148   0.24233   0.23148	

  #68	7   	-24653.78690	Yes        	4        	0.442    	0.000    	3.362     	 0.25249   0.25485   0.24762   0.24504	

  #69	7   	-24497.80630	Yes        	4        	0.418    	0.000    	3.317     	 0.26692   0.24886   0.24908   0.23514	

  #70	7   	-24380.84297	Yes        	4        	0.442    	0.000    	3.284     	 0.26056   0.24947   0.24375   0.24623	

  #71	7   	-24396.38081	Yes        	4        	0.471    	0.000    	3.326     	 0.25941   0.25043   0.25523   0.23493	

  #72	7   	-24431.74860	Yes        	4        	0.414    	0.000    	3.318     	 0.26919   0.25266   0.24173   0.23642	

  #73	7   	-24691.15384	Yes        	4        	0.472    	0.000    	3.218     	 0.25379   0.25390   0.25448   0.23784	

  #74	7   	-24608.24200	Yes        	4        	0.402    	0.000    	3.478     	 0.25993   0.25016   0.24461   0.24530	

  #75	7   	-24247.55783	Yes        	4        	0.374    	0.000    	3.487     	 0.25729   0.25023   0.24631   0.24617	

  #76	7   	-24452.46259	Yes        	4        	0.486    	0.000    	3.291     	 0.26436   0.24902   0.24993   0.23669	

  #77	7   	-24409.08563	Yes        	4        	0.487    	0.000    	3.419     	 0.25734   0.24720   0.24622   0.24924	

  #78	7   	-24750.37806	Yes        	4        	0.473    	0.000    	3.401     	 0.26651   0.24408   0.26041   0.22900	

  #79	7   	-24676.24359	Yes        	4        	0.459    	0.000    	3.233     	 0.26436   0.25936   0.24102   0.23526	

  #80	7   	-24441.24385	Yes        	4        	0.434    	0.000    	3.285     	 0.26061   0.24750   0.25048   0.24141	

  #81	7   	-24621.73453	Yes        	4        	0.451    	0.000    	3.411     	 0.25272   0.24987   0.25229   0.24512	

  #82	7   	-24214.35813	Yes        	4        	0.457    	0.000    	3.311     	 0.26035   0.25287   0.24649   0.24028	

  #83	7   	-24520.24280	Yes        	4        	0.490    	0.000    	3.158     	 0.26068   0.24351   0.24912   0.24669	

  #84	7   	-24469.35872	Yes        	4        	0.442    	0.000    	3.535     	 0.26618   0.24580   0.24441   0.24361	

  #85	7   	-24630.53244	Yes        	4        	0.453    	0.000    	3.431     	 0.25963   0.25884   0.24745   0.23408	

  #86	7   	-24404.37134	Yes        	4        	0.432    	0.000    	3.437     	 0.25468   0.24523   0.24595   0.25414	

  #87	7   	-24504.20564	Yes        	4        	0.429    	0.000    	3.371     	 0.25740   0.25755   0.24878   0.23627	

  #88	7   	-24742.29307	Yes        	4        	0.475    	0.000    	3.342     	 0.26366   0.25053   0.24519   0.24062	

  #89	7   	-24463.70556	Yes        	4        	0.469    	0.000    	3.226     	 0.26756   0.24764   0.25290   0.23190	

  #90	7   	-24293.77895	Yes        	4        	0.449    	0.000    	3.068     	 0.26317   0.24122   0.24970   0.24591	

  #91	7   	-24979.39915	Yes        	4        	0.494    	0.000    	3.378     	 0.27202   0.24982   0.24445   0.23371	

  #92	7   	-24154.14558	Yes        	4        	0.398    	0.000    	3.543     	 0.25725   0.25058   0.24239   0.24978	

  #93	7   	-24463.10911	Yes        	4        	0.439    	0.000    	3.263     	 0.26651   0.25064   0.24708   0.23578	

  #94	7   	-24442.32240	Yes        	4        	0.468    	0.000    	2.822     	 0.26158   0.24917   0.25186   0.23738	

  #95	7   	-24331.76557	Yes        	4        	0.471    	0.000    	3.067     	 0.26211   0.23794   0.25501   0.24494	

  #96	7   	-24344.69117	Yes        	4        	0.458    	0.000    	3.454     	 0.26469   0.24629   0.24954   0.23947	

  #97	7   	-24202.24478	Yes        	4        	0.431    	0.000    	3.598     	 0.25943   0.25283   0.24394   0.24380	

  #98	7   	-24262.87217	Yes        	4        	0.455    	0.000    	3.552     	 0.25702   0.25212   0.25256   0.23830	

  #99	7   	-24604.78243	Yes        	4        	0.411    	0.000    	3.360     	 0.25807   0.25662   0.24580   0.23951	

  #100	7   	-24479.23283	Yes        	4        	0.435    	0.000    	3.194     	 0.25746   0.25389   0.25060   0.23805	

